
132265
132267
132280
132276
132291
132277
132283
132281
132254
132246
132232
132193
132234
132216
132258
132265
NO.4 test ok
132261
132256
132246
132254
132237
132242
132254
132248
132257
132266
132269
132250
132257
132246
132225
132225
132225
132239
132258
132250
132255
132261
132253
132277
132263
132274
132277
132242
132252
132253
132236
132239
132251
132288
132299
132287
132277
132279
132280
132316
132328
132315
132335
132327
132329
132342
132325
132327
132324
132316
132329
132347
132336
132351
132361
132353
132350
132373
132386
132382
132370
132370
132375
132374
132348
132337
132340
132354
132372
132375
132369
132355
132374
132357
132343
132325
132305
132305
132294
132297
132280
132277
132267
132277
132236
132219
132200
132192
132198
132200
132190
132197
132206
132198
132202
132189
132195
132191
132220
132251
NO.5 test ok
132259
132273
132260
132255
132240
132247
132255
132263
132288
132289
132268
132255
132223
132227
132213
132200
132186
132188
132161
132162
132170
132150
132142
132105
132104
132096
132102
132117
132127
132148
132157
132175
132161
132118
132117
132084
132084
132071
132083
132108
132098
132096
132089
132108
132100
132114
132109
132103
132111
132105
132121
132111
132104
132088
132081
132070
132052
132055
132043
132028
132044
132018
132017
132032
132046
132074
132045
132057
132053
132060
132034
132036
132062
132076
132058
132091
132083
132104
132088
132071
132053
132061
132079
132067
132054
132067
132070
132077
132051
132033
132035
132056
132057
132084
132081
132103
132088
132080
132057
132047
NO.6 test ok
132055
132069
132096
132090
132100
132093
132061
132049
132055
132043
132056
132062
132063
132083
132063
132036
132010
132019
132014
131998
132015
132037
132059
132058
132063
132069
132031
132039
132027
132050
132053
132086
132088
132100
132093
132058
132030
132008
131990
131966
131979
132002
132014
132049
132032
132039
132034
132047
132036
132048
132052
132065
132084
132079
132087
132075
132101
132090
132114
132136
132132
132152
132160
132137
132113
132079
132060
132038
132037
132042
132057
132077
132118
132124
132129
132152
132137
132152
132128
132145
132152
132153
132156
132173
132146
132135
132121
132089
132077
132069
132062
132063
132056
132085
132079
132078
132040
132044
132052
132027
NO.7 test ok
132041
132033
132023
132019
132013
132021
132015
132016
131986
131983
131968
131978
131988
131993
131999
132007
132015
132005
132012
132002
131988
131973
131965
131973
131968
131954
131951
131942
131952
131989
132005
132021
132012
132032
132000
131982
131974
131972
131949
131942
131971
131969
131989
131970
131957
131962
131971
131974
131963
131973
132008
132006
132029
132018
132013
131993
131989
131993
132013
132033
132065
132055
132096
132066
132080
132071
132067
132053
132055
132036
132022
132012
132000
131988
132011
132024
132019
132024
132002
131995
131990
132017
131994
131998
131993
131986
131975
131978
131989
131973
131973
131971
131955
131965
131965
131978
131980
131947
131966
131964
NO.8 test ok
131964
131955
131945
131955
131940
131930
131946
131956
131965
131957
131955
131957
131934
131935
131912
131921
131946
131950
131963
131955
131937
131941
131948
131965
131956
131962
131956
131986
131965
131974
131943
131950
131959
131950
131970
131965
131961
131943
131951
131974
131979
131976
131976
131983
131958
131961
131965
131954
131961
131950
131956
131942
131964
131984
131974
131980
131985
131966
131988
131973
131966
131955
131960
131972
131982
131970
131970
131978
132012
132028
132053
132072
132053
132062
132057
132064
132064
132050
132027
132012
131988
131992
131956
131933
131934
131909
131921
131924
131935
131917
131911
131899
131932
131933
131934
131935
131920
131901
131926
131925